	Iozone: Performance Test of File I/O
	        Version $Revision: 3.506 $
		Compiled for 64 bit mode.
		Build: linux-AMD64 

	Contributors:William Norcott, Don Capps, Isom Crawford, Kirby Collins
	             Al Slater, Scott Rhine, Mike Wisner, Ken Goss
	             Steve Landherr, Brad Smith, Mark Kelly, Dr. Alain CYR,
	             Randy Dunlap, Mark Montague, Dan Million, Gavin Brebner,
	             Jean-Marc Zucconi, Jeff Blomberg, Benny Halevy, Dave Boone,
	             Erik Habbinga, Kris Strecker, Walter Wong, Joshua Root,
	             Fabrice Bacchella, Zhenghua Xue, Qin Li, Darren Sawyer,
	             Vangel Bojaxhi, Ben England, Vikentsi Lapa,
	             Alexey Skidanov, Sudhir Kumar.

	Run began: Wed Apr 30 19:42:08 2025

	Auto Mode
	Excel chart generation enabled
	OPS Mode. Output is in operations per second.
	Command line used: iozone -a -R -O
	Time Resolution = 0.000001 seconds.
	Processor cache size set to 1024 kBytes.
	Processor cache line size set to 32 bytes.
	File stride size set to 17 * record size.
                                                                    random    random      bkwd     record     stride                                        
              kB  reclen    write    rewrite      read    reread      read     write      read    rewrite       read    fwrite  frewrite     fread   freread
              64       4    181962    371165    800767   1141196    665724    290759    281018     232366     409685    313877    257313    589679    840903
              64       8    140509    258497    365494    473894    420451    228563    284828     258497     420451    258497    177719    248909    382144
              64      16     20514     37381    137737    114281     87016     35710     49372      39964      65585     21055     37718     80348    104985
              64      32     11293     11172     83215     90388     71816     15511     28551      18008      38514     15744     23249     38514     71207
              64      64      6098     11372     40019     62783     34719      9262     12164       9713      20379     10623      8927     18909     43779
             128       4     39606     81650    178764    191519    122148     83116     94134     100027      88138     85554     75284    144195    213109
             128       8     32996     76625    104562    190214    103275     52436     63202      76190      78051     66391     62965    108099    173944
             128      16     14571     31871     90005    133255     98745     40002     50321      42323      86079     35741     47879     98745     96198
             128      32      8314     20291     62646     58907     64576     22227     39587      25779      43039     23503     24111     48237     69961
             128      64      5320     12196     40958     57140     46395     11834     23844      15744      32792     11055     18525     27431     35127
             128     128      3345      7642     14726     23857     19991      6098      7519       6178      15152      7196      5498     17490     16396
             256       4     58396     84418    222989    169380    103530     64453     98298      77856     124286    106997     96531    299323    277078
             256       8     44816     90883    206550    233501    153953     78224    126049     101234     127971    121705     99067    223768    240617
             256      16     28128     58620    158348    199844    131378     67527     94015      78507     110959     66921     52111     81660    122059
             256      32     11429     23192     50321     84989     67813     25327     49141      39812      70079     30648     31248     53362     66077
             256      64      6145     15144     36017     48099     45490     11725     23974      14758      41241     16260     18440     36647     47020
             256     128      3595      7998     26646     16390     21519      5634     14393       8340      14931      4976     12339     19982     16683
             256     256      1949      3597     11788     14472      9345      3965      8633       4482       6670      3449      3920     10985      7087
             512       4     52353    104331    176092    208185    120542     82738    100786     130472     181081    167939    128782    265015    288981
             512       8     46783    112278    181399    268756    148077     84206    123771      99834     163301    130068    119156    188798    260160
             512      16     36286     85066    104873    194010    122595     56139    121705      80427     127971     87965     59817    139113    140423
             512      32     21218     43724     98140    115147    108977     49717     83385      61297     117568     38177     36122     77689     84647
             512      64     11680     17578     31992     46486     43701     19330     25735      17505      45726     16596     12364     38844     42755
             512     128      2865      7679     16950     20615     21737      9452     13742       9219      23405      9025     10206     17552     23669
             512     256      1467      3448     10423     11902      9953      5115      7295       5289       8193      3539      5494      7220     10634
             512     512       926      2053      5623      6712      5211      2313      5205       2386       4589      1620      2158      4080      4116
            1024       4     61837     91399    179411    208663    134523     94049    115882     153111     228952    180800    176666    544547    641497
            1024       8     41435     86191    140955    137349     95379     56885     82268      85450     104575     66561     78286    129559    154592
            1024      16     26609     42075    101610    113273     96810     53646     68656      58766      73973     39970     55601     86934    103212
            1024      32     12754     33092     60354     60709     54720     32657     41135      42396      45717     33232     31678     56924     62143
            1024      64      8027     14134     36775     39784     35871     19093     23086      20306      34260     14844     12598     38090     31868
            1024     128      3864      8456     15747     17280     18509      8056     14255      12946      23666      9852      6622     19845     22922
            1024     256      1607      3868      8314      9363     11556      5262      7647       6967      11208      4901      4854      6125      9710
            1024     512      1656      3110      8440     10702      9139      4192      5746       3846       8266      2721      5276      6265      7353
            1024    1024       811      1715      5462      5917      5778      1956      3135       1950       2325      1173      1114      2203      1956
            2048       4     60679    121211    175766    167265    127357     81632    231066     272911     394482    340880    423833    637650    700463
            2048       8    116789    295649    503913    526652    437582    274627     92390      86958      98419     74483     83469    155236    145123
            2048      16     27645     58047     99295     98765     93372     54750     71670      50816      68778     43730     42131     94456    100786
            2048      32     11173     26992     58882     67653     54852     25996     45360      43151      57397     32921     27383     62633     63870
            2048      64      8205     17936     31776     33125     33758     16478     28649      20039      33472     17408     13652     47413     50385
            2048     128      4266      9614     18432     17877     19044      8968     17468      11886      24583      9060      9286     23952     30069
            2048     256      3007      7353     13630     21678     19002      8376     12941      11425      13268      6028      6950     12387     14520
            2048     512      2732      6033     16260     16881     17626      8457      9593       2647       4367      2142      2690      4090      5968
            2048    1024       468      1221      2676      2677      1809      1130      1818       1232       2131       970      1406      2203      1877
            2048    2048       193       574      1404      1138      1172       661      1017        692        986       604       537      1094      1440
            4096       4     61047    188344    159528    194238    129079    109098    284137     279623     294079    251479    300120    222320    180568
            4096       8     40445    167748    151212    166332    134035     96042    184447     165473     164636    160802     85790    151703    144225
            4096      16     24432     51447    157629    176173    107742     76396    146369     143341     135457    108057     97225    176549    193473
            4096      32     32488     69988     97051     76056     68999     37691     64097      52073      67694     57630     72561     67261     73304
            4096      64      8023     18166     31141     28230     31775     18374     29806      28802      33313     16120     26766     49610     50996
            4096     128      6704     15325     24408     29033     27303     14857     24520      23882      28192     13841     13785     27236     27806
            4096     256      3315      7659     14096     20257     19136      8524      8306       5745      12280      4465      4108      8671      8474
            4096     512      1410      6168      8948     11298     10612      6584      3906       3225       5228      2343      2323      4968      5312
            4096    1024       508      2657      4439      4718      4618      2302      4086       3616       5848      2783      1264      2355      2708
            4096    2048       281       786      2168      1774      1932       900      1517       1182       2066       661      1246      1631      2366
            4096    4096       194       278       494       523       515       412      1017        652        927       513       243       515       567
            8192       4     87896    398904    173914    183562    142340    204781    381947     389870     411576    435842    399145    532220    581469
            8192       8    152472    301892    204348    150033     92702     86846    236483     223384     267302    258782    292995    216079    186051
            8192      16     29670     73741    122897    119378    103309     77527    221257     203094     216856    159004     55574     97114    111160
            8192      32     17006     33294     56990     52265     52870     34781     44818      48174      78382     60835     91617     54808     61777
            8192      64     11645     51180     73145     98693     91028     53421     68778      89021      95311     45521     36582     61981     68778
            8192     128      8968     21490     34005     34371     40252     22599     37206      32518      38458     20486     10032     15590     12372
            8192     256      2396      3883     13081     15086     13968      6300      7826       7782       9272      5367     11084     19025     16300
            8192     512      2299      5012      9501      9512     11747      6516      4097       3782       6831      1993      4896      5763      5324
            8192    1024       688      2107      2127      2263      2514      1241      4140       3932       6908      2456      2516      4566      4883
            8192    2048       524       773      1074      1137      1180       637      2272       1869       3062      1333      1311      2281      1285
            8192    4096       125       748      1150      1442      1565       822      1177        714       1273       511       702       495       697
            8192    8192        83       385       562       603       588       315       286        138        480       282       138       266       291
           16384       4    156911    434913    173795    268911    308547    321558    367587     340365     422184    429037    363342    442417    507307
           16384       8    155835    251161    145061    153419    154055    212098    104012     237535     354577    302198    256670    151501    152007
           16384      16     83110    113587     97606    105468     85554    106922    199730     224470     237595    150190    119627    101890    108177
           16384      32     38902     56289     57418     65180     68157     59472    103664      92856     105002     62122     82462     55950     67465
           16384      64     12447     38916     32409     47485     40013     36431     89256      80077     106980     59699     57297     73374     65979
           16384     128      7936     19520     16638     19280     17598     15939     25744      24951      39145     23490     26413     29117     26262
           16384     256      3325     12121      8524      9338      8902      6549     18952      22299      24825     11173      4469      8312      9232
           16384     512      2518      2488      4606      4562      4762      3803      4453       3760       6011      3847      5090      4799      3749
           16384    1024       950      3093      2314      2576      2317      1257      2132       2691       9411      3440      2743      2919      3058
           16384    2048       476      1570      2827      3267      3220      1833      3054       3430       4880      1759      1755      1197      1214
           16384    4096       278       776      1535      1462      1300       783       436        416       1500       807       798       544       496
           16384    8192       160       328       277       524       643       363       250        267        572       294       561       263       270
           16384   16384        79        82       283       314       311       177       120        122        126        77       186       280       350
           32768      64     26125     18708     30732     46201     71198     49435     59347      68660      98256     51733     59485     54883     56971
           32768     128     13523     11517     30637     34919     31585     25199     16091      35432      50572     26890     17040     34255     33591
           32768     256      5821      5081     23863     28546     19731     13994     15755      11004      23447     11899      4460     16129     17025
           32768     512      3157      4038      8777      9517     11781      6211      4484       6854      13405      6131      2128      4784      4854
           32768    1024      1422      2628      2120      2587      4330      3291      2219       3240       4051      3051      1167      2161      2477
           32768    2048       799       601      1181      1119      1483      1343      1056       1410       5988      1326       532      1089      1239
           32768    4096       376       313       601       704      1265       730       487        717       2152       688       290       548      1039
           32768    8192       183       171       248       456       615       365       353        271        645       397       242       294       313
           32768   16384        83        69       164       278       253       184       192        119        321       142       102       176       248
           65536      64     16726     31488    105403    100587     95450     54555     40218      83469      92938     53195     25252     39045     88565
           65536     128     14977     15529     19062     45535     50151     23746     21383      49121      52006     27979     13174     25342     55826
           65536     256      7662      7862     11363     20570     22640     13855      9312      25442      27877     13412     14347      9627     23119
           65536     512      3778      6349      4564     10307     12989      5917      5307       9777      14195      6658      3215      4698     10131
           65536    1024      1751      1745      2650      6094      6652      3692      2816       6321       6503      3504      1666      2606      5320
           65536    2048       912       773      1783      2064      2664      1343      1318       2507       3773      1439      1220      1298      2903
           65536    4096       423       406       517      1204      1432       783       605       1050       1539       723       377       586      1263
           65536    8192       198       208       394       617       631       381       284        432        663       368       205       305       627
           65536   16384       102       170       206       311       309       188       137        211        337       199       113       184       344
          131072      64     31560     36738     57888    109307     97976     58178     52787      99863     105675     58938     39329     62610    113682
          131072     128     16731     18185     24636     43678     50193     30285     24726      51576      53917     30279     17121     25133     57082
          131072     256      8547      9115     12198     27830     25901     15322     12675      25269      26424     14105     11913     13962     28449
          131072     512      4195      4486      7760     12264     13587      7800      7126      12493      14102      7405      4945     11611     13911
          131072    1024      2145      2356      3370      6823      6746      3905      6371       6483       6954      3669      2407      3847      7257
          131072    2048       989      1212      1708      3331      3272      1887      2829       2983       3543      1594      1087      1676      3277
          131072    4096       457       541       823      1547      1449       855       846       1212       1634       719       500       844      1559
          131072    8192       219       259       393       681       664       400       578        467        726       359       257       421       696
          131072   16384       110       134       239       323       314       195       355        229        204       186       137       200       331
          262144      64     35179     48418     67359    105414     97915     61398     61691     107627     104205     63491     45448     71393    109629
          262144     128     18515     32431     32753     55659     53007     33172     34870      56794      57320     31780     31307     37268     58307
          262144     256      9502     11748     26836     27893     23174     15102     18789      29179      29924     16061     15262     18522     28902
          262144     512      4715      6305      9234     13779     14380      8542      9045      14000      14492      8094      5936      9406     14922
          262144    1024      2336      3992      4314      7342      7064      4075      4756       6938       6564      3876      2916      4913      7696
          262144    2048      1044      1468      2297      3558      3344      2045      2051       3325       3655      1704      1339      2202      3492
          262144    4096       468       686       975      1656      1617       874      1142       1177       1753       710       622      1133      1742
          262144    8192       231       317       516       745       704       411       474        501        769       350       300       551       728
          262144   16384       113       166       255       344       329       184       250        221        325       167       148       287       352
          524288      64     33542     63059     88969    115051     98408     67350     99360     117458     104601     67310     65830     99366    116976
          524288     128     17712     33267     46046     59928     54667     36075     53345      60117      59739     35496     31748     49250     61087
          524288     256      9190     17152     21910     28874     28573     18047     22480      30832      30280     16656     14791     23519     30644
          524288     512      4643      8309     10869     14702     14409      9353     10533      16679      15924      8502      8778     13815     15221
          524288    1024      2215      4033      7016      7789      7609      4628      7721       7304       7951      4205      3623      7308      7871
          524288    2048      1030      1850      3534      3770      3596      2204      2980       3595       3972      1751      1589      3494      3805
          524288    4096       504       796      1614      1815      1797       967      1808       1357       1884       764       697      1676      1861
          524288    8192       234       379       752       740       715       420       700        486        788       356       332       675       759
          524288   16384       116       185       339       352       345       200       296        236        360       180       172       347       361

iozone test complete.
Excel output is below:

"Writer report"
        "4"  "8"  "16"  "32"  "64"  "128"  "256"  "512"  "1024"  "2048"  "4096"  "8192"  "16384"
"64"   181962  140509  20514  11293  6098 
"128"   39606  32996  14571  8314  5320  3345 
"256"   58396  44816  28128  11429  6145  3595  1949 
"512"   52353  46783  36286  21218  11680  2865  1467  926 
"1024"   61837  41435  26609  12754  8027  3864  1607  1656  811 
"2048"   60679  116789  27645  11173  8205  4266  3007  2732  468  193 
"4096"   61047  40445  24432  32488  8023  6704  3315  1410  508  281  194 
"8192"   87896  152472  29670  17006  11645  8968  2396  2299  688  524  125  83 
"16384"   156911  155835  83110  38902  12447  7936  3325  2518  950  476  278  160  79 
"32768"   0  0  0  0  26125  13523  5821  3157  1422  799  376  183  83 
"65536"   0  0  0  0  16726  14977  7662  3778  1751  912  423  198  102 
"131072"   0  0  0  0  31560  16731  8547  4195  2145  989  457  219  110 
"262144"   0  0  0  0  35179  18515  9502  4715  2336  1044  468  231  113 
"524288"   0  0  0  0  33542  17712  9190  4643  2215  1030  504  234  116 

"Re-writer report"
        "4"  "8"  "16"  "32"  "64"  "128"  "256"  "512"  "1024"  "2048"  "4096"  "8192"  "16384"
"64"   371165  258497  37381  11172  11372 
"128"   81650  76625  31871  20291  12196  7642 
"256"   84418  90883  58620  23192  15144  7998  3597 
"512"   104331  112278  85066  43724  17578  7679  3448  2053 
"1024"   91399  86191  42075  33092  14134  8456  3868  3110  1715 
"2048"   121211  295649  58047  26992  17936  9614  7353  6033  1221  574 
"4096"   188344  167748  51447  69988  18166  15325  7659  6168  2657  786  278 
"8192"   398904  301892  73741  33294  51180  21490  3883  5012  2107  773  748  385 
"16384"   434913  251161  113587  56289  38916  19520  12121  2488  3093  1570  776  328  82 
"32768"   0  0  0  0  18708  11517  5081  4038  2628  601  313  171  69 
"65536"   0  0  0  0  31488  15529  7862  6349  1745  773  406  208  170 
"131072"   0  0  0  0  36738  18185  9115  4486  2356  1212  541  259  134 
"262144"   0  0  0  0  48418  32431  11748  6305  3992  1468  686  317  166 
"524288"   0  0  0  0  63059  33267  17152  8309  4033  1850  796  379  185 

"Reader report"
        "4"  "8"  "16"  "32"  "64"  "128"  "256"  "512"  "1024"  "2048"  "4096"  "8192"  "16384"
"64"   800767  365494  137737  83215  40019 
"128"   178764  104562  90005  62646  40958  14726 
"256"   222989  206550  158348  50321  36017  26646  11788 
"512"   176092  181399  104873  98140  31992  16950  10423  5623 
"1024"   179411  140955  101610  60354  36775  15747  8314  8440  5462 
"2048"   175766  503913  99295  58882  31776  18432  13630  16260  2676  1404 
"4096"   159528  151212  157629  97051  31141  24408  14096  8948  4439  2168  494 
"8192"   173914  204348  122897  56990  73145  34005  13081  9501  2127  1074  1150  562 
"16384"   173795  145061  97606  57418  32409  16638  8524  4606  2314  2827  1535  277  283 
"32768"   0  0  0  0  30732  30637  23863  8777  2120  1181  601  248  164 
"65536"   0  0  0  0  105403  19062  11363  4564  2650  1783  517  394  206 
"131072"   0  0  0  0  57888  24636  12198  7760  3370  1708  823  393  239 
"262144"   0  0  0  0  67359  32753  26836  9234  4314  2297  975  516  255 
"524288"   0  0  0  0  88969  46046  21910  10869  7016  3534  1614  752  339 

"Re-Reader report"
        "4"  "8"  "16"  "32"  "64"  "128"  "256"  "512"  "1024"  "2048"  "4096"  "8192"  "16384"
"64"   1141196  473894  114281  90388  62783 
"128"   191519  190214  133255  58907  57140  23857 
"256"   169380  233501  199844  84989  48099  16390  14472 
"512"   208185  268756  194010  115147  46486  20615  11902  6712 
"1024"   208663  137349  113273  60709  39784  17280  9363  10702  5917 
"2048"   167265  526652  98765  67653  33125  17877  21678  16881  2677  1138 
"4096"   194238  166332  176173  76056  28230  29033  20257  11298  4718  1774  523 
"8192"   183562  150033  119378  52265  98693  34371  15086  9512  2263  1137  1442  603 
"16384"   268911  153419  105468  65180  47485  19280  9338  4562  2576  3267  1462  524  314 
"32768"   0  0  0  0  46201  34919  28546  9517  2587  1119  704  456  278 
"65536"   0  0  0  0  100587  45535  20570  10307  6094  2064  1204  617  311 
"131072"   0  0  0  0  109307  43678  27830  12264  6823  3331  1547  681  323 
"262144"   0  0  0  0  105414  55659  27893  13779  7342  3558  1656  745  344 
"524288"   0  0  0  0  115051  59928  28874  14702  7789  3770  1815  740  352 

"Random read report"
        "4"  "8"  "16"  "32"  "64"  "128"  "256"  "512"  "1024"  "2048"  "4096"  "8192"  "16384"
"64"   665724  420451  87016  71816  34719 
"128"   122148  103275  98745  64576  46395  19991 
"256"   103530  153953  131378  67813  45490  21519  9345 
"512"   120542  148077  122595  108977  43701  21737  9953  5211 
"1024"   134523  95379  96810  54720  35871  18509  11556  9139  5778 
"2048"   127357  437582  93372  54852  33758  19044  19002  17626  1809  1172 
"4096"   129079  134035  107742  68999  31775  27303  19136  10612  4618  1932  515 
"8192"   142340  92702  103309  52870  91028  40252  13968  11747  2514  1180  1565  588 
"16384"   308547  154055  85554  68157  40013  17598  8902  4762  2317  3220  1300  643  311 
"32768"   0  0  0  0  71198  31585  19731  11781  4330  1483  1265  615  253 
"65536"   0  0  0  0  95450  50151  22640  12989  6652  2664  1432  631  309 
"131072"   0  0  0  0  97976  50193  25901  13587  6746  3272  1449  664  314 
"262144"   0  0  0  0  97915  53007  23174  14380  7064  3344  1617  704  329 
"524288"   0  0  0  0  98408  54667  28573  14409  7609  3596  1797  715  345 

"Random write report"
        "4"  "8"  "16"  "32"  "64"  "128"  "256"  "512"  "1024"  "2048"  "4096"  "8192"  "16384"
"64"   290759  228563  35710  15511  9262 
"128"   83116  52436  40002  22227  11834  6098 
"256"   64453  78224  67527  25327  11725  5634  3965 
"512"   82738  84206  56139  49717  19330  9452  5115  2313 
"1024"   94049  56885  53646  32657  19093  8056  5262  4192  1956 
"2048"   81632  274627  54750  25996  16478  8968  8376  8457  1130  661 
"4096"   109098  96042  76396  37691  18374  14857  8524  6584  2302  900  412 
"8192"   204781  86846  77527  34781  53421  22599  6300  6516  1241  637  822  315 
"16384"   321558  212098  106922  59472  36431  15939  6549  3803  1257  1833  783  363  177 
"32768"   0  0  0  0  49435  25199  13994  6211  3291  1343  730  365  184 
"65536"   0  0  0  0  54555  23746  13855  5917  3692  1343  783  381  188 
"131072"   0  0  0  0  58178  30285  15322  7800  3905  1887  855  400  195 
"262144"   0  0  0  0  61398  33172  15102  8542  4075  2045  874  411  184 
"524288"   0  0  0  0  67350  36075  18047  9353  4628  2204  967  420  200 

"Backward read report"
        "4"  "8"  "16"  "32"  "64"  "128"  "256"  "512"  "1024"  "2048"  "4096"  "8192"  "16384"
"64"   281018  284828  49372  28551  12164 
"128"   94134  63202  50321  39587  23844  7519 
"256"   98298  126049  94015  49141  23974  14393  8633 
"512"   100786  123771  121705  83385  25735  13742  7295  5205 
"1024"   115882  82268  68656  41135  23086  14255  7647  5746  3135 
"2048"   231066  92390  71670  45360  28649  17468  12941  9593  1818  1017 
"4096"   284137  184447  146369  64097  29806  24520  8306  3906  4086  1517  1017 
"8192"   381947  236483  221257  44818  68778  37206  7826  4097  4140  2272  1177  286 
"16384"   367587  104012  199730  103664  89256  25744  18952  4453  2132  3054  436  250  120 
"32768"   0  0  0  0  59347  16091  15755  4484  2219  1056  487  353  192 
"65536"   0  0  0  0  40218  21383  9312  5307  2816  1318  605  284  137 
"131072"   0  0  0  0  52787  24726  12675  7126  6371  2829  846  578  355 
"262144"   0  0  0  0  61691  34870  18789  9045  4756  2051  1142  474  250 
"524288"   0  0  0  0  99360  53345  22480  10533  7721  2980  1808  700  296 

"Record rewrite report"
        "4"  "8"  "16"  "32"  "64"  "128"  "256"  "512"  "1024"  "2048"  "4096"  "8192"  "16384"
"64"   232366  258497  39964  18008  9713 
"128"   100027  76190  42323  25779  15744  6178 
"256"   77856  101234  78507  39812  14758  8340  4482 
"512"   130472  99834  80427  61297  17505  9219  5289  2386 
"1024"   153111  85450  58766  42396  20306  12946  6967  3846  1950 
"2048"   272911  86958  50816  43151  20039  11886  11425  2647  1232  692 
"4096"   279623  165473  143341  52073  28802  23882  5745  3225  3616  1182  652 
"8192"   389870  223384  203094  48174  89021  32518  7782  3782  3932  1869  714  138 
"16384"   340365  237535  224470  92856  80077  24951  22299  3760  2691  3430  416  267  122 
"32768"   0  0  0  0  68660  35432  11004  6854  3240  1410  717  271  119 
"65536"   0  0  0  0  83469  49121  25442  9777  6321  2507  1050  432  211 
"131072"   0  0  0  0  99863  51576  25269  12493  6483  2983  1212  467  229 
"262144"   0  0  0  0  107627  56794  29179  14000  6938  3325  1177  501  221 
"524288"   0  0  0  0  117458  60117  30832  16679  7304  3595  1357  486  236 

"Stride read report"
        "4"  "8"  "16"  "32"  "64"  "128"  "256"  "512"  "1024"  "2048"  "4096"  "8192"  "16384"
"64"   409685  420451  65585  38514  20379 
"128"   88138  78051  86079  43039  32792  15152 
"256"   124286  127971  110959  70079  41241  14931  6670 
"512"   181081  163301  127971  117568  45726  23405  8193  4589 
"1024"   228952  104575  73973  45717  34260  23666  11208  8266  2325 
"2048"   394482  98419  68778  57397  33472  24583  13268  4367  2131  986 
"4096"   294079  164636  135457  67694  33313  28192  12280  5228  5848  2066  927 
"8192"   411576  267302  216856  78382  95311  38458  9272  6831  6908  3062  1273  480 
"16384"   422184  354577  237595  105002  106980  39145  24825  6011  9411  4880  1500  572  126 
"32768"   0  0  0  0  98256  50572  23447  13405  4051  5988  2152  645  321 
"65536"   0  0  0  0  92938  52006  27877  14195  6503  3773  1539  663  337 
"131072"   0  0  0  0  105675  53917  26424  14102  6954  3543  1634  726  204 
"262144"   0  0  0  0  104205  57320  29924  14492  6564  3655  1753  769  325 
"524288"   0  0  0  0  104601  59739  30280  15924  7951  3972  1884  788  360 

"Fwrite report"
        "4"  "8"  "16"  "32"  "64"  "128"  "256"  "512"  "1024"  "2048"  "4096"  "8192"  "16384"
"64"   313877  258497  21055  15744  10623 
"128"   85554  66391  35741  23503  11055  7196 
"256"   106997  121705  66921  30648  16260  4976  3449 
"512"   167939  130068  87965  38177  16596  9025  3539  1620 
"1024"   180800  66561  39970  33232  14844  9852  4901  2721  1173 
"2048"   340880  74483  43730  32921  17408  9060  6028  2142  970  604 
"4096"   251479  160802  108057  57630  16120  13841  4465  2343  2783  661  513 
"8192"   435842  258782  159004  60835  45521  20486  5367  1993  2456  1333  511  282 
"16384"   429037  302198  150190  62122  59699  23490  11173  3847  3440  1759  807  294  77 
"32768"   0  0  0  0  51733  26890  11899  6131  3051  1326  688  397  142 
"65536"   0  0  0  0  53195  27979  13412  6658  3504  1439  723  368  199 
"131072"   0  0  0  0  58938  30279  14105  7405  3669  1594  719  359  186 
"262144"   0  0  0  0  63491  31780  16061  8094  3876  1704  710  350  167 
"524288"   0  0  0  0  67310  35496  16656  8502  4205  1751  764  356  180 

"Re-Fwrite report"
        "4"  "8"  "16"  "32"  "64"  "128"  "256"  "512"  "1024"  "2048"  "4096"  "8192"  "16384"
"64"   257313  177719  37718  23249  8927 
"128"   75284  62965  47879  24111  18525  5498 
"256"   96531  99067  52111  31248  18440  12339  3920 
"512"   128782  119156  59817  36122  12364  10206  5494  2158 
"1024"   176666  78286  55601  31678  12598  6622  4854  5276  1114 
"2048"   423833  83469  42131  27383  13652  9286  6950  2690  1406  537 
"4096"   300120  85790  97225  72561  26766  13785  4108  2323  1264  1246  243 
"8192"   399145  292995  55574  91617  36582  10032  11084  4896  2516  1311  702  138 
"16384"   363342  256670  119627  82462  57297  26413  4469  5090  2743  1755  798  561  186 
"32768"   0  0  0  0  59485  17040  4460  2128  1167  532  290  242  102 
"65536"   0  0  0  0  25252  13174  14347  3215  1666  1220  377  205  113 
"131072"   0  0  0  0  39329  17121  11913  4945  2407  1087  500  257  137 
"262144"   0  0  0  0  45448  31307  15262  5936  2916  1339  622  300  148 
"524288"   0  0  0  0  65830  31748  14791  8778  3623  1589  697  332  172 

"Fread report"
        "4"  "8"  "16"  "32"  "64"  "128"  "256"  "512"  "1024"  "2048"  "4096"  "8192"  "16384"
"64"   589679  248909  80348  38514  18909 
"128"   144195  108099  98745  48237  27431  17490 
"256"   299323  223768  81660  53362  36647  19982  10985 
"512"   265015  188798  139113  77689  38844  17552  7220  4080 
"1024"   544547  129559  86934  56924  38090  19845  6125  6265  2203 
"2048"   637650  155236  94456  62633  47413  23952  12387  4090  2203  1094 
"4096"   222320  151703  176549  67261  49610  27236  8671  4968  2355  1631  515 
"8192"   532220  216079  97114  54808  61981  15590  19025  5763  4566  2281  495  266 
"16384"   442417  151501  101890  55950  73374  29117  8312  4799  2919  1197  544  263  280 
"32768"   0  0  0  0  54883  34255  16129  4784  2161  1089  548  294  176 
"65536"   0  0  0  0  39045  25342  9627  4698  2606  1298  586  305  184 
"131072"   0  0  0  0  62610  25133  13962  11611  3847  1676  844  421  200 
"262144"   0  0  0  0  71393  37268  18522  9406  4913  2202  1133  551  287 
"524288"   0  0  0  0  99366  49250  23519  13815  7308  3494  1676  675  347 

"Re-Fread report"
        "4"  "8"  "16"  "32"  "64"  "128"  "256"  "512"  "1024"  "2048"  "4096"  "8192"  "16384"
"64"   840903  382144  104985  71207  43779 
"128"   213109  173944  96198  69961  35127  16396 
"256"   277078  240617  122059  66077  47020  16683  7087 
"512"   288981  260160  140423  84647  42755  23669  10634  4116 
"1024"   641497  154592  103212  62143  31868  22922  9710  7353  1956 
"2048"   700463  145123  100786  63870  50385  30069  14520  5968  1877  1440 
"4096"   180568  144225  193473  73304  50996  27806  8474  5312  2708  2366  567 
"8192"   581469  186051  111160  61777  68778  12372  16300  5324  4883  1285  697  291 
"16384"   507307  152007  108177  67465  65979  26262  9232  3749  3058  1214  496  270  350 
"32768"   0  0  0  0  56971  33591  17025  4854  2477  1239  1039  313  248 
"65536"   0  0  0  0  88565  55826  23119  10131  5320  2903  1263  627  344 
"131072"   0  0  0  0  113682  57082  28449  13911  7257  3277  1559  696  331 
"262144"   0  0  0  0  109629  58307  28902  14922  7696  3492  1742  728  352 
"524288"   0  0  0  0  116976  61087  30644  15221  7871  3805  1861  759  361 
